111 INDEX

18616166161176, ii. 321.
Jejuniai.112, 118.
16666116666611166601111611116 neum 116161161 1116611661,
Si. 11697 66611616 16116· 11. 226.
1.166,1 17, 6ο. 8711616166766, 4,6, 19, 61.
Ι611661766166116 661616161611166161,··11.147,155158
Aub 1116667116 611 1661116111 16167166 anni 1470, ii 320.
Imber 61116116, 11. 313.
1666661166116611616 summum 1616ωῇ1. 334.
Imperatoria Romani 766611 archontes senatusque 66661116
(1661666666661 6111661661,·“ 11. 115116. 06661116 OEau

91919999n quatuor priora jussu 116716161611161 6661661116,

ι 11. ,,7 1

11671166 6616 Ξ6611116,11. 697.

161 11661166 7116 161611611616,·11.367.11111.611.1)6116.

1166166 1136166111 611166.

1666ι 1116,“ 6. 314

16661116 61111166,·· 6 346.

16111611. 316.

Indigetes 1111,“ 6. 671.

161116617111661661. 674, 336.

1686111166 modus 6611666116 δεῖ· 16 666661166666166111611616
1161766661 466.

Utrumne-Inflantur, quod 6661, an acuatur quod opor-
161161 16116611,·“ 11. 69 6.

1611611116111166 7116 11611116111166,·“ 11. 2 51

161 611611. 6. impar, 1661766116.

116 161166616,“· 11. 317.

166666611661. 1161666116 episeopus, ii. 91.

16 17116 committebant, 1. 141, 199

Ι6161711616116616 7616616666 1. 136, 193.

16161916161, 71666116 66666 671611 Tertullianum, 1. 209.
Innumeri 116111166ωῇ 11. 679.

1611661161 115.

16166611666 666 666166171111111666611116616 7166661 61 6116116-
11611616 166616· 1. 646.

S. Joannaa 1171661616· ι. 4, 9, 36, 147, 151, 666.
81666666867111616,1161,151,696.
1666666,Α6116611661166716667166,11.3,87,88,196. 1111-
6161167116 ad S. 07711166] Alex 663- -668,

ι17676666, ,8611661166 6916667166, 11. 113.

6 1 686.

1611666666 (J 666666)11. 183.

1666611666(.16641666)11179, 181.

 

